2.000000000000000042e-03 -2.400000000000000050e-02 5.000000000000000104e-03
3.190000000000000058e-01 3.230000000000000093e-01 1.700000000000000122e-02
3.140000000000000013e-01 -2.100000000000000130e-02 3.160000000000000031e-01
3.000000000000000062e-03 3.160000000000000031e-01 3.019999999999999907e-01
1.580000000000000016e-01 1.370000000000000107e-01 1.620000000000000051e-01
4.739999999999999769e-01 5.020000000000000018e-01 1.650000000000000078e-01
4.839999999999999858e-01 1.580000000000000016e-01 4.540000000000000147e-01
1.650000000000000078e-01 4.570000000000000173e-01 4.809999999999999831e-01
6.169999999999999929e-01 -5.000000000000000104e-03 4.000000000000000083e-03
9.389999999999999458e-01 3.220000000000000084e-01 1.000000000000000021e-03
9.809999999999999831e-01 4.000000000000000083e-03 3.130000000000000004e-01
6.330000000000000071e-01 3.160000000000000031e-01 2.959999999999999853e-01
8.000000000000000444e-01 1.390000000000000124e-01 1.640000000000000069e-01
1.112999999999999989e+00 4.779999999999999805e-01 1.350000000000000089e-01
1.118999999999999995e+00 1.789999999999999925e-01 4.749999999999999778e-01
8.030000000000000471e-01 4.829999999999999849e-01 4.550000000000000155e-01
1.252000000000000002e+00 -1.000000000000000021e-03 1.000000000000000021e-03
1.592999999999999972e+00 3.009999999999999898e-01 -3.000000000000000062e-03
1.596000000000000085e+00 1.000000000000000021e-03 3.380000000000000226e-01
1.272000000000000020e+00 3.160000000000000031e-01 2.959999999999999853e-01
1.433999999999999941e+00 1.370000000000000107e-01 1.600000000000000033e-01
1.735999999999999988e+00 4.779999999999999805e-01 1.570000000000000007e-01
1.774999999999999911e+00 1.640000000000000069e-01 4.819999999999999840e-01
1.431000000000000050e+00 4.570000000000000173e-01 4.779999999999999805e-01
1.917000000000000037e+00 -1.799999999999999864e-02 -0.000000000000000000e+00
2.213000000000000078e+00 3.230000000000000093e-01 0.000000000000000000e+00
2.258000000000000007e+00 -5.000000000000000104e-03 3.180000000000000049e-01
1.919999999999999929e+00 3.210000000000000075e-01 3.029999999999999916e-01
2.071000000000000174e+00 1.419999999999999873e-01 1.559999999999999998e-01
2.374000000000000110e+00 4.759999999999999787e-01 1.590000000000000024e-01
2.415999999999999925e+00 1.580000000000000016e-01 4.799999999999999822e-01
2.072999999999999954e+00 4.829999999999999849e-01 4.600000000000000200e-01
2.000000000000000042e-03 6.370000000000000107e-01 2.000000000000000042e-02
3.140000000000000013e-01 9.729999999999999760e-01 5.000000000000000104e-03
2.949999999999999845e-01 6.430000000000000160e-01 3.220000000000000084e-01
1.000000000000000021e-03 9.599999999999999645e-01 3.350000000000000200e-01
1.630000000000000060e-01 8.199999999999999512e-01 1.600000000000000033e-01
4.789999999999999813e-01 1.116999999999999993e+00 1.789999999999999925e-01
4.819999999999999840e-01 7.760000000000000231e-01 4.739999999999999769e-01
1.640000000000000069e-01 1.116000000000000103e+00 5.010000000000000009e-01
6.410000000000000142e-01 6.580000000000000293e-01 -5.000000000000000104e-03
9.539999999999999591e-01 9.559999999999999609e-01 -1.899999999999999953e-02
9.799999999999999822e-01 6.360000000000000098e-01 3.180000000000000049e-01
6.430000000000000160e-01 9.409999999999999476e-01 3.150000000000000022e-01
8.139999999999999458e-01 7.990000000000000435e-01 1.610000000000000042e-01
1.122999999999999998e+00 1.098999999999999977e+00 1.630000000000000060e-01
1.114000000000000101e+00 8.179999999999999494e-01 4.799999999999999822e-01
7.920000000000000373e-01 1.096999999999999975e+00 4.779999999999999805e-01
1.274999999999999911e+00 6.350000000000000089e-01 -1.600000000000000033e-02
1.570999999999999952e+00 9.559999999999999609e-01 -2.000000000000000042e-03
1.600000000000000089e+00 6.330000000000000071e-01 3.380000000000000226e-01
1.294000000000000039e+00 9.589999999999999636e-01 3.210000000000000075e-01
1.437999999999999945e+00 7.820000000000000284e-01 1.650000000000000078e-01
1.750999999999999890e+00 1.112999999999999989e+00 1.350000000000000089e-01
1.758999999999999897e+00 8.219999999999999529e-01 4.769999999999999796e-01
1.431000000000000050e+00 1.112999999999999989e+00 5.020000000000000018e-01
1.913999999999999924e+00 6.350000000000000089e-01 2.100000000000000130e-02
2.255999999999999783e+00 9.569999999999999618e-01 -5.000000000000000104e-03
2.232000000000000206e+00 6.620000000000000329e-01 3.150000000000000022e-01
1.909999999999999920e+00 9.799999999999999822e-01 3.150000000000000022e-01
2.069999999999999840e+00 8.149999999999999467e-01 1.570000000000000007e-01
2.391000000000000014e+00 1.120000000000000107e+00 1.769999999999999907e-01
2.388999999999999790e+00 7.930000000000000382e-01 4.969999999999999973e-01
2.072000000000000064e+00 1.139999999999999902e+00 4.799999999999999822e-01
-2.000000000000000042e-03 1.282000000000000028e+00 1.899999999999999953e-02
3.230000000000000093e-01 1.574000000000000066e+00 -2.000000000000000042e-03
3.240000000000000102e-01 1.270999999999999908e+00 3.430000000000000271e-01
5.000000000000000104e-03 1.614000000000000101e+00 3.240000000000000102e-01
1.640000000000000069e-01 1.441000000000000059e+00 1.759999999999999898e-01
4.799999999999999822e-01 1.758000000000000007e+00 1.419999999999999873e-01
4.819999999999999840e-01 1.431000000000000050e+00 5.030000000000000027e-01
1.559999999999999998e-01 1.770000000000000018e+00 4.839999999999999858e-01
6.350000000000000089e-01 1.280000000000000027e+00 1.499999999999999944e-02
9.519999999999999574e-01 1.590999999999999970e+00 2.100000000000000130e-02
9.539999999999999591e-01 1.256000000000000005e+00 3.240000000000000102e-01
6.149999999999999911e-01 1.592000000000000082e+00 3.190000000000000058e-01
7.960000000000000409e-01 1.435999999999999943e+00 1.789999999999999925e-01
1.135000000000000009e+00 1.750000000000000000e+00 1.620000000000000051e-01
1.120999999999999996e+00 1.433999999999999941e+00 4.580000000000000182e-01
7.930000000000000382e-01 1.758000000000000007e+00 4.560000000000000164e-01
1.272000000000000020e+00 1.252999999999999892e+00 -4.000000000000000083e-03
1.598000000000000087e+00 1.594999999999999973e+00 2.199999999999999872e-02
1.590999999999999970e+00 1.254000000000000004e+00 3.230000000000000093e-01
1.290999999999999925e+00 1.592999999999999972e+00 3.230000000000000093e-01
1.437999999999999945e+00 1.413999999999999924e+00 1.630000000000000060e-01
1.750999999999999890e+00 1.756000000000000005e+00 1.799999999999999933e-01
1.760999999999999899e+00 1.437999999999999945e+00 4.570000000000000173e-01
1.437000000000000055e+00 1.772000000000000020e+00 4.839999999999999858e-01
1.913999999999999924e+00 1.272000000000000020e+00 -1.499999999999999944e-02
2.237999999999999989e+00 1.596000000000000085e+00 -2.400000000000000050e-02
2.237999999999999989e+00 1.300000000000000044e+00 3.210000000000000075e-01
1.931999999999999940e+00 1.600000000000000089e+00 3.140000000000000013e-01
2.072000000000000064e+00 1.433999999999999941e+00 1.429999999999999882e-01
2.387000000000000011e+00 1.756999999999999895e+00 1.400000000000000133e-01
2.411000000000000032e+00 1.431000000000000050e+00 4.749999999999999778e-01
2.076000000000000068e+00 1.749000000000000110e+00 4.939999999999999947e-01
-0.000000000000000000e+00 1.915000000000000036e+00 -2.500000000000000139e-02
2.999999999999999889e-01 2.229000000000000092e+00 -4.000000000000000083e-03
3.210000000000000075e-01 1.913000000000000034e+00 3.019999999999999907e-01
5.000000000000000104e-03 2.236000000000000210e+00 3.439999999999999725e-01
1.380000000000000115e-01 2.072999999999999954e+00 1.590000000000000024e-01
4.789999999999999813e-01 2.375999999999999890e+00 1.570000000000000007e-01
4.779999999999999805e-01 2.056999999999999940e+00 4.789999999999999813e-01
1.610000000000000042e-01 2.392999999999999794e+00 5.010000000000000009e-01
6.630000000000000338e-01 1.909999999999999920e+00 3.000000000000000062e-03
9.370000000000000551e-01 2.230999999999999872e+00 5.000000000000000104e-03
9.739999999999999769e-01 1.913000000000000034e+00 3.210000000000000075e-01
6.350000000000000089e-01 2.230999999999999872e+00 3.380000000000000226e-01
8.020000000000000462e-01 2.072999999999999954e+00 1.829999999999999960e-01
1.114000000000000101e+00 2.375000000000000000e+00 1.640000000000000069e-01
1.133000000000000007e+00 2.076000000000000068e+00 4.769999999999999796e-01
7.980000000000000426e-01 2.415000000000000036e+00 4.769999999999999796e-01
1.276000000000000023e+00 1.911999999999999922e+00 -2.400000000000000050e-02
1.590999999999999970e+00 2.229000000000000092e+00 -2.000000000000000042e-02
1.600000000000000089e+00 1.931000000000000050e+00 3.190000000000000058e-01
1.292000000000000037e+00 2.234999999999999876e+00 3.160000000000000031e-01
1.431999999999999940e+00 2.071000000000000174e+00 1.380000000000000115e-01
1.737999999999999989e+00 2.395999999999999908e+00 1.549999999999999989e-01
1.776999999999999913e+00 2.075000000000000178e+00 4.749999999999999778e-01
1.441999999999999948e+00 2.398000000000000131e+00 4.939999999999999947e-01
1.917999999999999927e+00 1.909999999999999920e+00 1.799999999999999864e-02
2.238999999999999879e+00 2.233000000000000096e+00 -2.100000000000000130e-02
2.232000000000000206e+00 1.899000000000000021e+00 3.220000000000000084e-01
1.917999999999999927e+00 2.234999999999999876e+00 2.969999999999999862e-01
2.091000000000000192e+00 2.073999999999999844e+00 1.590000000000000024e-01
2.388999999999999790e+00 2.370000000000000107e+00 1.539999999999999980e-01
2.374000000000000110e+00 2.072999999999999954e+00 4.839999999999999858e-01
2.071000000000000174e+00 2.391999999999999904e+00 4.580000000000000182e-01
5.000000000000000104e-03 -4.000000000000000083e-03 6.570000000000000284e-01
3.200000000000000067e-01 2.999999999999999889e-01 6.410000000000000142e-01
3.350000000000000200e-01 -5.000000000000000104e-03 9.519999999999999574e-01
-1.000000000000000021e-03 3.230000000000000093e-01 9.769999999999999796e-01
1.600000000000000033e-01 1.640000000000000069e-01 8.139999999999999458e-01
4.570000000000000173e-01 4.749999999999999778e-01 7.960000000000000409e-01
4.939999999999999947e-01 1.549999999999999989e-01 1.112000000000000099e+00
1.620000000000000051e-01 4.789999999999999813e-01 1.133000000000000007e+00
6.330000000000000071e-01 2.500000000000000139e-02 6.390000000000000124e-01
9.529999999999999583e-01 3.430000000000000271e-01 6.440000000000000169e-01
9.609999999999999654e-01 2.000000000000000042e-03 9.759999999999999787e-01
6.400000000000000133e-01 3.170000000000000040e-01 9.379999999999999449e-01
8.189999999999999503e-01 1.640000000000000069e-01 7.970000000000000417e-01
1.139999999999999902e+00 4.749999999999999778e-01 7.990000000000000435e-01
1.139999999999999902e+00 1.590000000000000024e-01 1.118999999999999995e+00
7.820000000000000284e-01 4.769999999999999796e-01 1.116000000000000103e+00
1.252000000000000002e+00 -1.000000000000000021e-03 6.360000000000000098e-01
1.598000000000000087e+00 2.949999999999999845e-01 6.410000000000000142e-01
1.620000000000000107e+00 -3.000000000000000062e-03 9.599999999999999645e-01
1.300000000000000044e+00 3.240000000000000102e-01 9.549999999999999600e-01
1.431999999999999940e+00 1.439999999999999891e-01 8.000000000000000444e-01
1.750000000000000000e+00 4.749999999999999778e-01 7.780000000000000249e-01
1.776000000000000023e+00 1.610000000000000042e-01 1.116000000000000103e+00
1.433999999999999941e+00 4.969999999999999973e-01 1.116999999999999993e+00
1.931000000000000050e+00 5.000000000000000104e-03 6.420000000000000151e-01
2.237000000000000099e+00 3.200000000000000067e-01 6.209999999999999964e-01
2.229999999999999982e+00 4.000000000000000083e-03 9.350000000000000533e-01
1.919000000000000039e+00 3.370000000000000218e-01 9.519999999999999574e-01
2.079000000000000181e+00 1.819999999999999951e-01 7.950000000000000400e-01
2.390000000000000124e+00 4.630000000000000226e-01 8.020000000000000462e-01
2.392999999999999794e+00 1.350000000000000089e-01 1.120999999999999996e+00
2.075000000000000178e+00 5.010000000000000009e-01 1.118000000000000105e+00
-4.000000000000000083e-03 6.219999999999999973e-01 6.430000000000000160e-01
3.340000000000000191e-01 9.549999999999999600e-01 6.360000000000000098e-01
2.999999999999999889e-01 6.350000000000000089e-01 9.529999999999999583e-01
1.000000000000000021e-03 9.609999999999999654e-01 9.409999999999999476e-01
1.559999999999999998e-01 7.930000000000000382e-01 7.790000000000000258e-01
4.959999999999999964e-01 1.120999999999999996e+00 8.020000000000000462e-01
4.610000000000000209e-01 7.960000000000000409e-01 1.112999999999999989e+00
1.590000000000000024e-01 1.120999999999999996e+00 1.098000000000000087e+00
6.340000000000000080e-01 6.159999999999999920e-01 6.430000000000000160e-01
9.599999999999999645e-01 9.579999999999999627e-01 6.620000000000000329e-01
9.539999999999999591e-01 6.139999999999999902e-01 9.619999999999999662e-01
6.380000000000000115e-01 9.389999999999999458e-01 9.569999999999999618e-01
7.980000000000000426e-01 7.800000000000000266e-01 7.960000000000000409e-01
1.120000000000000107e+00 1.112000000000000099e+00 8.219999999999999529e-01
1.092999999999999972e+00 7.940000000000000391e-01 1.110999999999999988e+00
7.970000000000000417e-01 1.118999999999999995e+00 1.096000000000000085e+00
1.272999999999999909e+00 6.400000000000000133e-01 6.149999999999999911e-01
1.594999999999999973e+00 9.609999999999999654e-01 6.610000000000000320e-01
1.598000000000000087e+00 6.410000000000000142e-01 9.330000000000000515e-01
1.276000000000000023e+00 9.589999999999999636e-01 9.769999999999999796e-01
1.415999999999999925e+00 8.020000000000000462e-01 7.930000000000000382e-01
1.752999999999999892e+00 1.120000000000000107e+00 8.169999999999999485e-01
1.735000000000000098e+00 7.950000000000000400e-01 1.118000000000000105e+00
1.439000000000000057e+00 1.131999999999999895e+00 1.122000000000000108e+00
1.919999999999999929e+00 6.420000000000000151e-01 6.159999999999999920e-01
2.209999999999999964e+00 9.629999999999999671e-01 6.340000000000000080e-01
2.236000000000000210e+00 6.380000000000000115e-01 9.379999999999999449e-01
1.917999999999999927e+00 9.529999999999999583e-01 9.729999999999999760e-01
2.051000000000000156e+00 7.980000000000000426e-01 7.960000000000000409e-01
2.375000000000000000e+00 1.116999999999999993e+00 7.980000000000000426e-01
2.395999999999999908e+00 7.980000000000000426e-01 1.092999999999999972e+00
2.095000000000000195e+00 1.122000000000000108e+00 1.120000000000000107e+00
-0.000000000000000000e+00 1.282000000000000028e+00 6.540000000000000258e-01
3.150000000000000022e-01 1.616999999999999993e+00 6.410000000000000142e-01
3.360000000000000209e-01 1.278000000000000025e+00 9.619999999999999662e-01
1.000000000000000021e-03 1.580000000000000071e+00 9.549999999999999600e-01
1.799999999999999933e-01 1.437000000000000055e+00 7.950000000000000400e-01
4.759999999999999787e-01 1.776000000000000023e+00 7.950000000000000400e-01
4.749999999999999778e-01 1.439000000000000057e+00 1.135999999999999899e+00
1.419999999999999873e-01 1.756000000000000005e+00 1.118000000000000105e+00
6.570000000000000284e-01 1.280999999999999917e+00 6.400000000000000133e-01
9.549999999999999600e-01 1.590999999999999970e+00 6.169999999999999929e-01
9.559999999999999609e-01 1.292000000000000037e+00 9.609999999999999654e-01
6.179999999999999938e-01 1.600000000000000089e+00 9.569999999999999618e-01
8.020000000000000462e-01 1.455999999999999961e+00 7.980000000000000426e-01
1.094000000000000083e+00 1.750000000000000000e+00 7.950000000000000400e-01
1.133000000000000007e+00 1.435000000000000053e+00 1.112000000000000099e+00
8.010000000000000453e-01 1.733999999999999986e+00 1.120999999999999996e+00
1.260999999999999899e+00 1.282000000000000028e+00 6.440000000000000169e-01
1.590999999999999970e+00 1.590999999999999970e+00 6.129999999999999893e-01
1.598999999999999977e+00 1.294000000000000039e+00 9.579999999999999627e-01
1.274000000000000021e+00 1.590999999999999970e+00 9.330000000000000515e-01
1.435000000000000053e+00 1.439999999999999947e+00 7.740000000000000213e-01
1.739999999999999991e+00 1.749000000000000110e+00 8.030000000000000471e-01
1.770000000000000018e+00 1.431999999999999940e+00 1.118999999999999995e+00
1.417000000000000037e+00 1.752999999999999892e+00 1.116000000000000103e+00
1.891000000000000014e+00 1.274999999999999911e+00 6.370000000000000107e-01
2.229000000000000092e+00 1.574999999999999956e+00 6.370000000000000107e-01
2.229999999999999982e+00 1.294000000000000039e+00 9.599999999999999645e-01
1.917000000000000037e+00 1.616999999999999993e+00 9.529999999999999583e-01
2.056999999999999940e+00 1.435000000000000053e+00 8.020000000000000462e-01
2.395000000000000018e+00 1.731999999999999984e+00 7.970000000000000417e-01
2.387999999999999901e+00 1.433999999999999941e+00 1.133999999999999897e+00
2.069999999999999840e+00 1.774999999999999911e+00 1.116000000000000103e+00
-2.500000000000000139e-02 1.919000000000000039e+00 6.330000000000000071e-01
3.140000000000000013e-01 2.217999999999999972e+00 6.370000000000000107e-01
3.230000000000000093e-01 1.913999999999999924e+00 9.819999999999999840e-01
1.899999999999999953e-02 2.236000000000000210e+00 9.609999999999999654e-01
1.549999999999999989e-01 2.056999999999999940e+00 7.970000000000000417e-01
4.729999999999999760e-01 2.396999999999999797e+00 7.780000000000000249e-01
4.759999999999999787e-01 2.075000000000000178e+00 1.137000000000000011e+00
1.809999999999999942e-01 2.392999999999999794e+00 1.118000000000000105e+00
6.570000000000000284e-01 1.917000000000000037e+00 6.440000000000000169e-01
9.619999999999999662e-01 2.237000000000000099e+00 6.169999999999999929e-01
9.409999999999999476e-01 1.911000000000000032e+00 9.559999999999999609e-01
6.199999999999999956e-01 2.230999999999999872e+00 9.559999999999999609e-01
7.950000000000000400e-01 2.095000000000000195e+00 7.960000000000000409e-01
1.098999999999999977e+00 2.391000000000000014e+00 7.960000000000000409e-01
1.114000000000000101e+00 2.072000000000000064e+00 1.100999999999999979e+00
7.960000000000000409e-01 2.378000000000000114e+00 1.112999999999999989e+00
1.272000000000000020e+00 1.911000000000000032e+00 6.600000000000000311e-01
1.616999999999999993e+00 2.233999999999999986e+00 6.420000000000000151e-01
1.578000000000000069e+00 1.919999999999999929e+00 9.569999999999999618e-01
1.278999999999999915e+00 2.250999999999999890e+00 9.579999999999999627e-01
1.439000000000000057e+00 2.097999999999999865e+00 7.990000000000000435e-01
1.778999999999999915e+00 2.394000000000000128e+00 7.980000000000000426e-01
1.754000000000000004e+00 2.057999999999999829e+00 1.116000000000000103e+00
1.453000000000000069e+00 2.392999999999999794e+00 1.116000000000000103e+00
1.917000000000000037e+00 1.917000000000000037e+00 6.580000000000000293e-01
2.214999999999999858e+00 2.229000000000000092e+00 6.400000000000000133e-01
2.255999999999999783e+00 1.911999999999999922e+00 9.569999999999999618e-01
1.913000000000000034e+00 2.229999999999999982e+00 9.729999999999999760e-01
2.076999999999999957e+00 2.072999999999999954e+00 8.139999999999999458e-01
2.391999999999999904e+00 2.370999999999999996e+00 8.010000000000000453e-01
2.396999999999999797e+00 2.088999999999999968e+00 1.122000000000000108e+00
2.069999999999999840e+00 2.410000000000000142e+00 1.112999999999999989e+00
1.799999999999999864e-02 5.000000000000000104e-03 1.272000000000000020e+00
3.420000000000000262e-01 3.220000000000000084e-01 1.272999999999999909e+00
3.180000000000000049e-01 4.000000000000000083e-03 1.576999999999999957e+00
-3.000000000000000062e-03 3.340000000000000191e-01 1.594000000000000083e+00
1.580000000000000016e-01 1.769999999999999907e-01 1.435999999999999943e+00
4.939999999999999947e-01 4.759999999999999787e-01 1.431000000000000050e+00
4.799999999999999822e-01 1.610000000000000042e-01 1.735999999999999988e+00
1.749999999999999889e-01 4.749999999999999778e-01 1.750000000000000000e+00
6.590000000000000302e-01 6.000000000000000125e-03 1.276999999999999913e+00
9.519999999999999574e-01 3.220000000000000084e-01 1.260000000000000009e+00
9.589999999999999636e-01 1.000000000000000021e-03 1.612000000000000099e+00
6.550000000000000266e-01 3.230000000000000093e-01 1.590999999999999970e+00
8.139999999999999458e-01 1.529999999999999971e-01 1.441000000000000059e+00
1.118000000000000105e+00 4.610000000000000209e-01 1.439999999999999947e+00
1.116000000000000103e+00 1.839999999999999969e-01 1.754000000000000004e+00
8.020000000000000462e-01 4.939999999999999947e-01 1.752000000000000002e+00
1.274000000000000021e+00 -2.299999999999999961e-02 1.276999999999999913e+00
1.598999999999999977e+00 3.150000000000000022e-01 1.252000000000000002e+00
1.578000000000000069e+00 5.000000000000000104e-03 1.594999999999999973e+00
1.300000000000000044e+00 3.200000000000000067e-01 1.594999999999999973e+00
1.439000000000000057e+00 1.539999999999999980e-01 1.417999999999999927e+00
1.752000000000000002e+00 4.570000000000000173e-01 1.439999999999999947e+00
1.756000000000000005e+00 1.590000000000000024e-01 1.739000000000000101e+00
1.455000000000000071e+00 4.729999999999999760e-01 1.750999999999999890e+00
1.913000000000000034e+00 5.000000000000000104e-03 1.298000000000000043e+00
2.229999999999999982e+00 3.220000000000000084e-01 1.258999999999999897e+00
2.229999999999999982e+00 -1.899999999999999953e-02 1.594999999999999973e+00
1.935000000000000053e+00 3.230000000000000093e-01 1.590000000000000080e+00
2.093999999999999861e+00 1.620000000000000051e-01 1.435000000000000053e+00
2.374000000000000110e+00 4.759999999999999787e-01 1.441000000000000059e+00
2.396999999999999797e+00 1.580000000000000016e-01 1.735000000000000098e+00
2.072999999999999954e+00 4.829999999999999849e-01 1.772000000000000020e+00
-1.600000000000000033e-02 6.420000000000000151e-01 1.278000000000000025e+00
3.019999999999999907e-01 9.579999999999999627e-01 1.282000000000000028e+00
3.230000000000000093e-01 6.400000000000000133e-01 1.580000000000000071e+00
-1.600000000000000033e-02 9.539999999999999591e-01 1.594000000000000083e+00
1.419999999999999873e-01 7.980000000000000426e-01 1.431000000000000050e+00
4.769999999999999796e-01 1.120999999999999996e+00 1.415000000000000036e+00
4.600000000000000200e-01 7.970000000000000417e-01 1.754999999999999893e+00
1.590000000000000024e-01 1.120999999999999996e+00 1.735999999999999988e+00
6.350000000000000089e-01 6.540000000000000258e-01 1.276999999999999913e+00
9.409999999999999476e-01 9.529999999999999583e-01 1.272000000000000020e+00
9.769999999999999796e-01 6.360000000000000098e-01 1.592000000000000082e+00
6.179999999999999938e-01 9.539999999999999591e-01 1.594999999999999973e+00
7.930000000000000382e-01 8.010000000000000453e-01 1.451000000000000068e+00
1.100000000000000089e+00 1.114999999999999991e+00 1.431000000000000050e+00
1.141000000000000014e+00 7.960000000000000409e-01 1.750000000000000000e+00
7.750000000000000222e-01 1.116000000000000103e+00 1.750999999999999890e+00
1.260999999999999899e+00 6.340000000000000080e-01 1.280000000000000027e+00
1.578999999999999959e+00 9.539999999999999591e-01 1.274000000000000021e+00
1.616999999999999993e+00 6.340000000000000080e-01 1.596000000000000085e+00
1.276999999999999913e+00 9.559999999999999609e-01 1.580000000000000071e+00
1.439999999999999947e+00 7.740000000000000213e-01 1.435999999999999943e+00
1.756999999999999895e+00 1.102000000000000091e+00 1.435000000000000053e+00
1.750000000000000000e+00 8.129999999999999449e-01 1.750000000000000000e+00
1.435000000000000053e+00 1.122000000000000108e+00 1.735000000000000098e+00
1.895000000000000018e+00 6.350000000000000089e-01 1.282000000000000028e+00
2.233999999999999986e+00 9.330000000000000515e-01 1.280999999999999917e+00
2.229000000000000092e+00 6.420000000000000151e-01 1.612999999999999989e+00
1.939000000000000057e+00 9.609999999999999654e-01 1.592000000000000082e+00
2.071000000000000174e+00 7.760000000000000231e-01 1.431000000000000050e+00
2.376999999999999780e+00 1.118000000000000105e+00 1.433000000000000052e+00
2.396999999999999797e+00 7.980000000000000426e-01 1.780000000000000027e+00
2.072000000000000064e+00 1.114000000000000101e+00 1.774000000000000021e+00
-3.000000000000000062e-03 1.254000000000000004e+00 1.276999999999999913e+00
2.989999999999999880e-01 1.600000000000000089e+00 1.280000000000000027e+00
3.420000000000000262e-01 1.280999999999999917e+00 1.598000000000000087e+00
-5.000000000000000104e-03 1.590999999999999970e+00 1.578999999999999959e+00
1.600000000000000033e-01 1.417000000000000037e+00 1.433000000000000052e+00
4.739999999999999769e-01 1.733999999999999986e+00 1.429999999999999938e+00
4.759999999999999787e-01 1.431000000000000050e+00 1.772999999999999909e+00
1.409999999999999865e-01 1.750999999999999890e+00 1.756000000000000005e+00
6.630000000000000338e-01 1.270999999999999908e+00 1.274999999999999911e+00
9.589999999999999636e-01 1.572999999999999954e+00 1.274000000000000021e+00
9.619999999999999662e-01 1.276999999999999913e+00 1.618999999999999995e+00
6.390000000000000124e-01 1.600999999999999979e+00 1.620000000000000107e+00
7.930000000000000382e-01 1.435999999999999943e+00 1.453000000000000069e+00
1.102000000000000091e+00 1.750999999999999890e+00 1.437000000000000055e+00
1.137999999999999901e+00 1.433000000000000052e+00 1.750999999999999890e+00
7.970000000000000417e-01 1.772999999999999909e+00 1.750000000000000000e+00
1.272999999999999909e+00 1.272999999999999909e+00 1.300999999999999934e+00
1.598999999999999977e+00 1.590000000000000080e+00 1.252000000000000002e+00
1.594000000000000083e+00 1.280000000000000027e+00 1.574999999999999956e+00
1.276000000000000023e+00 1.614999999999999991e+00 1.592999999999999972e+00
1.435000000000000053e+00 1.457000000000000073e+00 1.437000000000000055e+00
1.731999999999999984e+00 1.760999999999999899e+00 1.441000000000000059e+00
1.750000000000000000e+00 1.437000000000000055e+00 1.739999999999999991e+00
1.457999999999999963e+00 1.752000000000000002e+00 1.760000000000000009e+00
1.917999999999999927e+00 1.252000000000000002e+00 1.274999999999999911e+00
2.217000000000000082e+00 1.592999999999999972e+00 1.274999999999999911e+00
2.228000000000000203e+00 1.274999999999999911e+00 1.618000000000000105e+00
1.917000000000000037e+00 1.590000000000000080e+00 1.576000000000000068e+00
2.072000000000000064e+00 1.415000000000000036e+00 1.439000000000000057e+00
2.367999999999999883e+00 1.758999999999999897e+00 1.433999999999999941e+00
2.395000000000000018e+00 1.457999999999999963e+00 1.758999999999999897e+00
2.059000000000000163e+00 1.750000000000000000e+00 1.752000000000000002e+00
-2.500000000000000139e-02 1.919000000000000039e+00 1.270999999999999908e+00
3.160000000000000031e-01 2.229999999999999982e+00 1.294999999999999929e+00
3.180000000000000049e-01 1.891000000000000014e+00 1.596999999999999975e+00
2.400000000000000050e-02 2.233999999999999986e+00 1.594999999999999973e+00
1.559999999999999998e-01 2.049999999999999822e+00 1.433000000000000052e+00
5.000000000000000000e-01 2.387999999999999901e+00 1.431000000000000050e+00
4.779999999999999805e-01 2.072999999999999954e+00 1.737999999999999989e+00
1.570000000000000007e-01 2.415999999999999925e+00 1.756000000000000005e+00
6.400000000000000133e-01 1.893999999999999906e+00 1.280000000000000027e+00
9.729999999999999760e-01 2.237999999999999989e+00 1.278999999999999915e+00
9.579999999999999627e-01 1.931999999999999940e+00 1.598999999999999977e+00
6.580000000000000293e-01 2.229999999999999982e+00 1.598000000000000087e+00
7.920000000000000373e-01 2.079000000000000181e+00 1.417999999999999927e+00
1.120000000000000107e+00 2.394000000000000128e+00 1.453999999999999959e+00
1.122000000000000108e+00 2.069999999999999840e+00 1.774000000000000021e+00
8.030000000000000471e-01 2.390000000000000124e+00 1.772999999999999909e+00
1.256999999999999895e+00 1.919999999999999929e+00 1.280000000000000027e+00
1.616999999999999993e+00 2.237000000000000099e+00 1.276000000000000023e+00
1.596000000000000085e+00 1.929000000000000048e+00 1.588999999999999968e+00
1.280000000000000027e+00 2.218999999999999861e+00 1.600000000000000089e+00
1.437000000000000055e+00 2.072000000000000064e+00 1.417000000000000037e+00
1.752000000000000002e+00 2.395999999999999908e+00 1.453000000000000069e+00
1.749000000000000110e+00 2.089999999999999858e+00 1.754000000000000004e+00
1.419000000000000039e+00 2.396999999999999797e+00 1.754999999999999893e+00
1.909999999999999920e+00 1.915000000000000036e+00 1.294000000000000039e+00
2.237000000000000099e+00 2.257000000000000117e+00 1.276999999999999913e+00
2.234999999999999876e+00 1.919999999999999929e+00 1.616999999999999993e+00
1.931999999999999940e+00 2.237999999999999989e+00 1.600999999999999979e+00
2.097999999999999865e+00 2.079000000000000181e+00 1.431999999999999940e+00
2.414000000000000146e+00 2.395999999999999908e+00 1.431999999999999940e+00
2.391000000000000014e+00 2.089999999999999858e+00 1.752999999999999892e+00
2.068999999999999950e+00 2.392999999999999794e+00 1.778000000000000025e+00
5.000000000000000104e-03 1.700000000000000122e-02 1.915999999999999925e+00
3.430000000000000271e-01 3.240000000000000102e-01 1.917000000000000037e+00
3.150000000000000022e-01 -0.000000000000000000e+00 2.209000000000000075e+00
-2.000000000000000042e-03 3.140000000000000013e-01 2.257000000000000117e+00
1.570000000000000007e-01 1.829999999999999960e-01 2.072999999999999954e+00
4.939999999999999947e-01 4.779999999999999805e-01 2.073999999999999844e+00
4.580000000000000182e-01 1.610000000000000042e-01 2.395999999999999908e+00
1.590000000000000024e-01 4.809999999999999831e-01 2.411000000000000032e+00
6.420000000000000151e-01 1.600000000000000033e-02 1.913000000000000034e+00
9.379999999999999449e-01 3.150000000000000022e-01 1.911000000000000032e+00
9.549999999999999600e-01 1.000000000000000021e-03 2.254999999999999893e+00
6.340000000000000080e-01 3.220000000000000084e-01 2.257000000000000117e+00
7.950000000000000400e-01 1.640000000000000069e-01 2.096999999999999975e+00
1.120999999999999996e+00 4.759999999999999787e-01 2.059000000000000163e+00
1.120999999999999996e+00 1.819999999999999951e-01 2.391000000000000014e+00
7.940000000000000391e-01 4.959999999999999964e-01 2.395999999999999908e+00
1.254000000000000004e+00 -0.000000000000000000e+00 1.913999999999999924e+00
1.614999999999999991e+00 3.180000000000000049e-01 1.917000000000000037e+00
1.600000000000000089e+00 2.199999999999999872e-02 2.228000000000000203e+00
1.270999999999999908e+00 3.210000000000000075e-01 2.213999999999999968e+00
1.441000000000000059e+00 1.620000000000000051e-01 2.057999999999999829e+00
1.750999999999999890e+00 4.819999999999999840e-01 2.097999999999999865e+00
1.772999999999999909e+00 1.559999999999999998e-01 2.394000000000000128e+00
1.435999999999999943e+00 4.610000000000000209e-01 2.398000000000000131e+00
1.893999999999999906e+00 -2.000000000000000042e-03 1.911000000000000032e+00
2.258000000000000007e+00 3.180000000000000049e-01 1.911000000000000032e+00
2.229000000000000092e+00 2.100000000000000130e-02 2.232000000000000206e+00
1.931000000000000050e+00 3.210000000000000075e-01 2.237000000000000099e+00
2.077999999999999847e+00 1.559999999999999998e-01 2.056000000000000050e+00
2.416999999999999815e+00 4.799999999999999822e-01 2.077999999999999847e+00
2.395999999999999908e+00 1.539999999999999980e-01 2.414000000000000146e+00
2.079000000000000181e+00 5.010000000000000009e-01 2.392999999999999794e+00
2.400000000000000050e-02 6.410000000000000142e-01 1.915999999999999925e+00
3.019999999999999907e-01 9.569999999999999618e-01 1.919000000000000039e+00
3.150000000000000022e-01 6.219999999999999973e-01 2.233000000000000096e+00
1.000000000000000021e-03 9.589999999999999636e-01 2.250999999999999890e+00
1.600000000000000033e-01 7.940000000000000391e-01 2.093999999999999861e+00
4.839999999999999858e-01 1.094999999999999973e+00 2.072999999999999954e+00
4.590000000000000191e-01 7.950000000000000400e-01 2.391999999999999904e+00
1.570000000000000007e-01 1.137999999999999901e+00 2.394000000000000128e+00
6.390000000000000124e-01 6.580000000000000293e-01 1.909000000000000030e+00
9.549999999999999600e-01 9.609999999999999654e-01 1.893000000000000016e+00
9.539999999999999591e-01 6.420000000000000151e-01 2.217999999999999972e+00
6.380000000000000115e-01 9.599999999999999645e-01 2.255999999999999783e+00
8.020000000000000462e-01 8.149999999999999467e-01 2.073999999999999844e+00
1.118999999999999995e+00 1.112999999999999989e+00 2.057999999999999829e+00
1.116000000000000103e+00 8.030000000000000471e-01 2.370000000000000107e+00
7.980000000000000426e-01 1.135000000000000009e+00 2.387000000000000011e+00
1.294000000000000039e+00 6.390000000000000124e-01 1.913000000000000034e+00
1.590999999999999970e+00 9.739999999999999769e-01 1.913000000000000034e+00
1.596999999999999975e+00 6.430000000000000160e-01 2.250000000000000000e+00
1.276000000000000023e+00 9.519999999999999574e-01 2.212000000000000188e+00
1.455000000000000071e+00 8.020000000000000462e-01 2.079000000000000181e+00
1.756999999999999895e+00 1.120000000000000107e+00 2.092999999999999972e+00
1.752999999999999892e+00 7.930000000000000382e-01 2.412999999999999812e+00
1.433000000000000052e+00 1.120999999999999996e+00 2.373000000000000220e+00
1.899999999999999911e+00 6.340000000000000080e-01 1.913999999999999924e+00
2.238999999999999879e+00 9.599999999999999645e-01 1.931999999999999940e+00
2.229000000000000092e+00 6.400000000000000133e-01 2.217000000000000082e+00
1.915999999999999925e+00 9.609999999999999654e-01 2.254999999999999893e+00
2.049999999999999822e+00 7.970000000000000417e-01 2.076000000000000068e+00
2.415000000000000036e+00 1.112000000000000099e+00 2.072000000000000064e+00
2.391000000000000014e+00 7.750000000000000222e-01 2.394000000000000128e+00
2.095000000000000195e+00 1.122000000000000108e+00 2.391999999999999904e+00
-1.000000000000000021e-03 1.282000000000000028e+00 1.897999999999999909e+00
3.240000000000000102e-01 1.612000000000000099e+00 1.915000000000000036e+00
3.150000000000000022e-01 1.270999999999999908e+00 2.213000000000000078e+00
3.000000000000000062e-03 1.576000000000000068e+00 2.236000000000000210e+00
1.620000000000000051e-01 1.441999999999999948e+00 2.052000000000000046e+00
4.789999999999999813e-01 1.756999999999999895e+00 2.096999999999999975e+00
4.769999999999999796e-01 1.415999999999999925e+00 2.391000000000000014e+00
1.600000000000000033e-01 1.735000000000000098e+00 2.396999999999999797e+00
6.430000000000000160e-01 1.272999999999999909e+00 1.931999999999999940e+00
9.589999999999999636e-01 1.594999999999999973e+00 1.889999999999999902e+00
9.759999999999999787e-01 1.274000000000000021e+00 2.229999999999999982e+00
6.370000000000000107e-01 1.572999999999999954e+00 2.236000000000000210e+00
8.169999999999999485e-01 1.431000000000000050e+00 2.076999999999999957e+00
1.092999999999999972e+00 1.756999999999999895e+00 2.076000000000000068e+00
1.114000000000000101e+00 1.433000000000000052e+00 2.412999999999999812e+00
7.930000000000000382e-01 1.733000000000000096e+00 2.390000000000000124e+00
1.294999999999999929e+00 1.280000000000000027e+00 1.917999999999999927e+00
1.612999999999999989e+00 1.596000000000000085e+00 1.917999999999999927e+00
1.596000000000000085e+00 1.298000000000000043e+00 2.230999999999999872e+00
1.256999999999999895e+00 1.594999999999999973e+00 2.237999999999999989e+00
1.439999999999999947e+00 1.455999999999999961e+00 2.076000000000000068e+00
1.758999999999999897e+00 1.776000000000000023e+00 2.076000000000000068e+00
1.750000000000000000e+00 1.453000000000000069e+00 2.396999999999999797e+00
1.433999999999999941e+00 1.737000000000000099e+00 2.387999999999999901e+00
1.895000000000000018e+00 1.272999999999999909e+00 1.913000000000000034e+00
2.237000000000000099e+00 1.618000000000000105e+00 1.911999999999999922e+00
2.229000000000000092e+00 1.280999999999999917e+00 2.216000000000000192e+00
1.913999999999999924e+00 1.598000000000000087e+00 2.216000000000000192e+00
2.076999999999999957e+00 1.433999999999999941e+00 2.056999999999999940e+00
2.415999999999999925e+00 1.756000000000000005e+00 2.076999999999999957e+00
2.394000000000000128e+00 1.419999999999999929e+00 2.392999999999999794e+00
2.057999999999999829e+00 1.756999999999999895e+00 2.398000000000000131e+00
-5.000000000000000104e-03 1.933999999999999941e+00 1.915999999999999925e+00
3.210000000000000075e-01 2.234999999999999876e+00 1.895999999999999908e+00
3.170000000000000040e-01 1.915999999999999925e+00 2.254000000000000004e+00
-4.000000000000000083e-03 2.236000000000000210e+00 2.217000000000000082e+00
1.759999999999999898e-01 2.076000000000000068e+00 2.071000000000000174e+00
4.829999999999999849e-01 2.391000000000000014e+00 2.056000000000000050e+00
4.739999999999999769e-01 2.069999999999999840e+00 2.411000000000000032e+00
1.590000000000000024e-01 2.392999999999999794e+00 2.370000000000000107e+00
6.169999999999999929e-01 1.913000000000000034e+00 1.919000000000000039e+00
9.589999999999999636e-01 2.233000000000000096e+00 1.933000000000000052e+00
9.350000000000000533e-01 1.915000000000000036e+00 2.229000000000000092e+00
6.149999999999999911e-01 2.238999999999999879e+00 2.237999999999999989e+00
7.770000000000000240e-01 2.075000000000000178e+00 2.072000000000000064e+00
1.114000000000000101e+00 2.388999999999999790e+00 2.096000000000000085e+00
1.096999999999999975e+00 2.077999999999999847e+00 2.388999999999999790e+00
7.750000000000000222e-01 2.388999999999999790e+00 2.395999999999999908e+00
1.270999999999999908e+00 1.895999999999999908e+00 1.917999999999999927e+00
1.574999999999999956e+00 2.229000000000000092e+00 1.909999999999999920e+00
1.576999999999999957e+00 1.913999999999999924e+00 2.237000000000000099e+00
1.282000000000000028e+00 2.230999999999999872e+00 2.258000000000000007e+00
1.419999999999999929e+00 2.072000000000000064e+00 2.073999999999999844e+00
1.735000000000000098e+00 2.387999999999999901e+00 2.075000000000000178e+00
1.754999999999999893e+00 2.056000000000000050e+00 2.392999999999999794e+00
1.431999999999999940e+00 2.416999999999999815e+00 2.387999999999999901e+00
1.917000000000000037e+00 1.939000000000000057e+00 1.909999999999999920e+00
2.229999999999999982e+00 2.229999999999999982e+00 1.937000000000000055e+00
2.236000000000000210e+00 1.895000000000000018e+00 2.236000000000000210e+00
1.899000000000000021e+00 2.232000000000000206e+00 2.230999999999999872e+00
2.072999999999999954e+00 2.080000000000000071e+00 2.093999999999999861e+00
2.391000000000000014e+00 2.411000000000000032e+00 2.075000000000000178e+00
2.396999999999999797e+00 2.071000000000000174e+00 2.375000000000000000e+00
2.069999999999999840e+00 2.395999999999999908e+00 2.370000000000000107e+00
